8488	0.1351633303777271	-0.3502542101457567	22	34	21	0	0	2	491	0	564	0
3560	0.2560589863432338	-0.4047681030743893	19	32	15	2	0	3	1198	2	1299	2
370224	0.49829818457096287	0.14407545205484334	7	22	8	0	0	0	271	0	314	0
49876	0.5680344453747919	-0.040906035463321055	23	25	36	1	0	11	1580	2	1821	2
8480	0.47692858054475606	0.0912204617582078	23	31	2	0	0	0	337	0	434	0
7868	0.4725059802487262	0.3853865715703067	22	24	10	2	0	9	400	7	507	7
192748	0.2754237575772413	0.0957272892436915	7	26	9	0	0	0	190	1	227	1
285508	0.04532612433862433	-0.01565006613756615	9	22	6	0	0	1	54	1	71	1
9380	0.34391791119037207	0.1665809654348747	13	24	4	0	0	2	872	0	892	0
247248	0.2919513357252061	0.032614274801054666	21	23	21	1	0	4	354	6	487	6
245364	0.4893882508945173	0.11125424486167051	20	22	19	6	0	14	475	11	586	11
8416	0.4570551352389281	0.33616836970446196	20	34	31	6	0	11	169	1	250	1
7892	0.7568837106379698	-0.0423170302375504	8	31	11	1	0	3	337	0	385	0
14748	0.7318024346476434	-0.07973931762237763	16	25	15	2	0	3	922	1	1010	1
31528	0.6367901214196132	0.245708408662678	20	27	23	1	0	5	1150	5	1263	5
8032	0.7825723709678903	-0.16543656386584327	23	27	22	6	0	11	777	3	992	3
8944	0.47641062363975695	-0.031928846683776824	20	28	11	0	0	4	561	0	665	0
8980	0.2794284321644126	-0.06434466844863906	19	26	12	2	0	4	368	2	450	2
3324	0.5080267705734905	-0.16399423015257208	20	25	32	10	0	25	273	5	360	5
70092	0.46342734261228	0.1293699422970962	22	30	16	1	0	6	757	5	890	5
8752	0.1762716454432003	0.013165509259259259	3	34	0	0	0	0	3	0	6	0
227756	0.1762716454432003	-0.425125	1	21	1	0	0	0	4	0	4	0
397168	0.3844188181504415	0.07953224145362991	14	20	6	0	0	0	316	1	424	1
14796	0.4753871249130427	0.14269091833966258	18	29	9	0	0	2	410	0	547	0
16436	0.15097564815883205	-0.39440714760212836	14	27	7	0	0	5	171	4	224	4
77548	0.7007768629069809	-0.1055902633508462	20	28	24	1	0	3	652	3	771	3
7932	0.3570940842473138	0.014140150882467006	21	34	13	1	0	2	661	0	804	0
49872	0.24317848370914782	-0.2175850095031532	20	26	13	4	0	16	505	5	632	5
9532	0.04951987813594675	-0.2946158094677593	10	24	4	0	0	2	51	0	68	0
56	0.1762716454432003	0.10548552169067216	4	25	3	0	0	0	55	0	69	0
7944	0.24788081748446353	0.004233690371105936	18	32	25	10	0	9	500	5	626	5
340	0.583619739526332	0.026129759476176018	14	28	21	0	0	1	440	5	565	5
353236	0.4863939928228378	0.17338501381963028	20	20	25	0	0	1	304	0	372	0
21100	0.4083684556500889	-0.03919149955642964	17	30	12	1	0	2	505	0	595	0
20620	0.19288548944265874	-0.22171532628868265	17	26	25	2	0	4	534	1	641	1
7936	0.7144595540249523	-0.05776586322352695	12	25	23	3	0	12	667	8	780	8
25572	0.10632307624153102	-0.07266461115903074	16	28	3	3	0	4	189	0	242	0
48	0.628869717651879	-0.016321685934117758	22	31	16	0	0	2	1321	3	1471	3
8004	0.43497751604009116	-0.12008554106923985	16	28	13	2	0	2	427	0	538	0
402884	0.1762716454432003	-0.5374579608343977	2	20	0	0	0	0	56	0	63	0
11152	0.11783361438905732	0.07794638327534972	15	30	21	0	0	2	582	1	619	1
12536	0.11512034982822623	-0.1818666874441094	19	27	13	3	0	8	136	1	165	1
3436	0.6256354749970142	0.020809432878159284	18	24	20	0	0	0	383	2	498	2
25804	0.02430703888316128	-0.1622519610375334	21	28	18	1	0	6	483	5	577	5
36	0.5686982303190716	-0.050435095496809024	10	29	8	0	0	0	594	2	676	2
13484	0.8123965309893519	0.3071099838667768	21	22	25	5	0	11	548	12	675	13
210044	0.7236813592581606	0.15398376463749197	22	24	15	0	0	5	1237	2	1385	3
8976	0.422169662603907	-0.07219335455278497	21	26	17	0	0	1	749	4	902	4
8136	0.6497869574352674	0.03362529247920276	10	24	8	0	0	1	329	1	414	1
8144	0.4193370012935189	-0.17631264893839838	16	23	8	0	0	3	272	2	348	2
8116	0.0369440300481633	0.024072023199430453	21	24	12	0	0	8	471	7	608	7
61988	0.06946760457434045	-0.22657416992805704	17	33	5	3	0	3	713	2	844	2
21164	0.6125630884618505	0.04855403107419887	17	29	18	0	0	2	683	1	786	2
8336	0.5565788134533874	0.041012025923125695	21	29	21	0	0	0	811	1	1043	1
8192	0.5729409502741595	-0.00818746588844288	20	30	17	0	0	2	586	3	763	3
62344	0.1762716454432003	-0.0631800925925926	2	24	2	0	0	0	5	0	7	0
28292	0.46267302652843295	-0.09532261119625268	21	25	26	6	0	9	1130	2	1294	2
7964	0.06302440231020569	-0.36601127185679655	16	28	19	1	0	3	971	5	1136	5
8272	0.1762716454432003	-0.15605445314407812	2	32	1	0	0	0	62	0	76	0
7888	0.5489034211360282	-0.25801706438258987	5	23	3	0	0	4	131	0	163	0
32968	0.1762716454432003	-0.23360655854695006	3	30	6	0	0	0	39	2	65	2
4908	0.6394580121201476	-0.04328678122482865	12	25	7	0	0	2	577	5	675	5
15808	0.11738414290085071	-0.7647906194409896	21	26	30	9	0	18	429	8	582	9
116	0.20434115725179555	0.18119133391504222	19	27	8	1	0	7	614	1	692	1
21160	0.267306741433977	-0.395485825068251	9	32	8	1	0	2	283	2	339	2
160	0.5906808550457969	-0.0025151188509591194	10	28	9	2	0	3	239	2	316	2
134708	0.1762716454432003	-0.459375	1	22	0	0	0	0	1	0	1	0
8360	0.5893114186766636	-0.0008020448427958904	12	28	20	0	0	0	248	1	344	1
62224	0.7735514107902138	0.007064596586632055	14	24	3	3	0	8	316	3	408	3
86308	0.2488492264595069	0.04347639827221514	10	30	12	0	0	1	195	0	227	0
8460	0.8036532675694688	0.12645656743714717	21	27	17	0	0	2	599	5	724	5
8296	0.3699577190398112	0.2532308948947163	15	35	10	3	0	12	69	1	90	1
14688	0.05066220593357642	0.041955107162662715	10	31	12	0	0	0	185	0	215	0
8620	0.33980100801260155	0.02645962079928388	15	31	17	1	0	3	177	0	215	0
222220	0.5397040576820209	0.07741061447817155	9	24	6	0	0	1	500	3	599	4
20612	0.624204273783609	0.020162230551890148	14	26	17	2	0	3	681	2	791	2
230020	0.45575298284553034	-0.019693722557208693	13	22	2	1	0	11	450	3	511	3
3360	0.3237782390147057	-0.5946965776652359	18	30	6	4	0	18	343	2	409	2
269676	0.1762716454432003	-0.5	1	23	0	0	0	0	0	0	0	0
29640	0.027821893165130944	-0.24589797577758793	15	24	16	0	0	2	548	0	618	0
268776	0.533631259449949	0.08644076525956979	13	24	12	0	0	0	517	0	601	0
8580	0.1762716454432003	-0.047242936197916696	3	28	0	0	0	0	25	0	35	0
8384	0.45706989717180413	0.10830580732074868	16	31	27	1	0	7	136	6	198	6
26136	0.30304824623395654	-0.45262228010048255	4	23	5	0	0	0	129	1	163	1
8284	0.10717204892622786	-0.2067911227423798	14	31	11	0	0	1	138	1	193	1
284	0.4318447952805552	0.004345780460450144	10	25	13	0	0	1	270	0	335	0
10252	0.44371014668016995	0.1465836768131797	15	27	7	1	0	1	352	0	410	0
7988	0.17844896531549337	-0.09410495693353876	19	32	17	0	0	4	611	4	737	5
7864	0.030545756895456945	0.03006810272140218	7	27	2	0	0	0	82	0	94	0
237268	0.1762716454432003	-0.011834976566072245	3	22	0	0	0	0	12	0	14	0
70156	0.43181435181137195	-0.0501443036535123	20	27	13	1	0	1	451	8	574	8
284476	0.3415231857190058	0.29420796017364675	8	20	2	0	0	0	109	3	140	3
9280	0.06060883977548244	-0.2545851716235776	13	27	13	0	0	1	220	1	304	1
350976	0.4921023115475173	0.1863104936338788	13	21	7	0	0	0	315	3	410	3
3424	0.20564817573801492	0.18868319414643686	13	33	5	1	0	1	55	0	69	0
14808	0.22987287306323564	-0.14585582320381088	15	27	5	1	0	4	375	0	407	0
145692	0.17744873571140976	0.08708991422556753	11	28	16	5	0	10	67	2	97	2
8464	0.614669257317914	0.08015875886354573	15	28	11	1	0	3	1055	2	1113	2
3928	0.0	-0.278715883347379	14	30	13	1	0	1	502	1	604	1
8096	0.1762716454432003	-0.07969921875000002	1	35	1	0	0	0	7	0	8	0
447812	0.5944427561351363	0.0480811184329023	6	19	2	0	0	0	126	0	171	0
8324	0.04618005740882301	0.02695400746288847	5	35	2	0	0	0	169	0	179	0
77552	0.1540287253542634	0.1019172036850396	11	30	9	0	0	1	211	2	266	2
270828	0.1762716454432003	-0.5	1	23	0	0	0	0	0	0	0	0
7856	0.11549493211307614	-0.312181661744958	5	33	2	1	0	2	206	0	219	0
92864	0.1762716454432003	-0.3400793650793651	1	32	0	0	0	0	5	0	5	0
8292	0.5460117307298256	0.011197719815872031	5	28	5	0	0	0	177	1	230	1
8992	0.1762716454432003	-0.052291666666666625	1	26	0	0	0	0	12	0	15	0
20420	0.09580355035112723	0.07554972208504158	5	36	1	0	0	1	60	0	73	0
8140	0.1762716454432003	0.23738424190761448	4	30	2	0	0	0	78	1	95	1
8516	0.6459006179135328	-0.07979068511504495	9	33	11	0	0	2	220	3	296	4
419784	0.1762716454432003	-0.46597222222222223	1	20	0	0	0	0	3	0	3	0
101652	0.37393543476827545	0.2668564919140764	6	28	7	0	0	1	142	0	175	0
10108	0.3620921332497205	0.017878942932792574	5	27	3	0	0	0	103	0	137	0
9164	0.5781103112334292	0.04109255048805038	6	24	4	0	0	0	115	1	163	1
241564	0.1762716454432003	-0.39375	1	21	0	0	0	0	10	0	10	0
415748	0.1762716454432003	0.2173702079170829	2	19	0	0	0	0	60	0	69	0
234408	0.1762716454432003	0.001851851851851852	3	21	1	0	0	0	5	0	6	0
274488	0.1762716454432003	0.03227902982356702	4	25	3	0	0	2	40	1	51	1
25604	0.1762716454432003	-0.08922685185185181	1	27	0	1	0	0	17	0	25	0
8624	0.1762716454432003	-0.11283078002244665	2	27	1	0	0	0	30	0	39	0
8653	0.565225544837103	-0.023894540566902545	23	25	20	2	0	4	754	1	908	1
25413	0.525396665854799	-0.17535888815434197	23	27	22	8	0	25	346	12	451	14
14853	0.09007029337070442	-0.44694849918185225	17	32	9	0	0	0	447	1	602	1
167145	0.8520692206774934	0.06930245113306166	23	23	23	2	0	8	1054	11	1251	11
8013	0.477817881335424	-0.04734117835109786	23	28	12	2	0	5	415	11	634	11
14869	0.24748145120748627	-0.37176014325535983	17	25	20	1	0	5	696	5	839	5
7945	0.3186282076848299	0.303241552428418	16	27	10	3	0	7	181	3	213	3
12829	0.32114626422706755	-0.049378394374354484	22	31	14	9	0	13	152	3	226	3
8317	0.727182996612728	-0.04891138401689055	19	32	18	5	0	12	1393	5	1564	5
9097	0.6215130860388998	-0.0725296968923379	22	26	19	0	0	6	754	0	900	0
3657	0.08177429979434576	-0.14131581750026873	15	31	10	2	0	6	108	0	145	0
38021	0.49777781852319564	-0.15516978171213108	22	27	17	5	0	18	1295	19	1584	19
8277	0.6489215687198685	-0.02073533376511094	20	28	12	0	0	0	1256	4	1409	4
8325	0.8380426048827317	0.33552097653467117	17	30	9	13	0	25	329	11	395	11
265673	0.04022934949306757	-0.36806909675712907	20	23	2	1	0	6	413	5	469	5
8433	0.2300368594216328	-0.3394048695142232	17	32	8	1	0	1	399	7	566	7
25553	0.494681115787424	0.10005041904947365	22	28	10	1	0	2	1420	2	1637	2
105333	0.13374416061976566	0.09922171867204536	23	29	6	3	0	10	418	11	520	11
9433	0.4820960805166399	-0.07527256987219788	19	25	17	0	0	2	445	0	579	0
3429	0.2720310399696692	-0.07945665521065304	23	26	2	0	0	0	443	0	512	0
93	0.6615575082472158	0.10198403110687726	21	27	9	1	0	10	340	7	461	7
8125	0.3370058158539058	-0.015326690534486265	22	29	15	1	0	2	741	0	885	0
38093	0.026850618096582457	0.007094437130757903	11	24	3	2	1	3	48	0	59	0
8425	0.2986287197306666	-0.13526725435949205	11	31	0	0	0	0	153	0	193	1
62389	0.5517603352635669	0.05783191888851896	22	27	14	4	0	4	946	5	1166	5
8221	0.5412130211234353	-0.03181338976805004	14	28	19	0	0	1	415	1	572	1
303357	0.10774777552563976	0.040915227934227694	7	21	7	0	0	2	176	1	215	1
127537	0.5400834826413657	0.11595448879031728	20	27	41	4	0	4	681	0	812	0
279709	0.1762716454432003	0.03623233616091512	4	21	4	0	0	1	39	0	50	0
173	0.3485475915951328	0.004674889655685688	18	27	19	1	0	8	250	3	340	3
8245	0.27208973226579064	0.10282357556904659	14	35	5	0	0	1	405	0	499	0
8553	0.5363502656884302	0.09540771356604089	16	30	14	0	0	0	536	0	622	0
7905	0.0365667090665016	-0.38357669321709037	21	25	23	10	0	27	257	6	363	6
8561	0.23765997856320636	-0.1544695581704441	13	31	16	1	0	0	416	4	486	4
8301	0.36706755307770594	-0.047428182943321184	14	31	1	0	0	0	184	0	250	0
8313	0.5297951438600705	0.021907383683635095	21	33	23	0	0	0	542	4	727	4
7941	0.03658551352445268	-0.10079051202857572	16	30	11	2	0	8	167	3	213	3
379209	0.06511724567924936	-0.08877115114919466	11	19	2	0	0	0	127	0	158	0
8249	0.026686058998054187	-0.06080586010977835	9	30	11	3	0	5	184	0	212	0
134513	0.2798618125758408	0.1981393935673818	20	22	10	7	0	10	317	9	396	9
8717	0.16925393437173217	-0.882217649881834	21	24	22	18	0	45	262	7	355	7
136441	0.5172835311700444	0.1432493197517477	17	25	14	2	0	4	582	5	734	5
8833	0.4277249001930947	-0.04140096011868227	17	24	8	2	0	7	464	1	542	1
25381	0.4149534383609215	0.056583480580720213	21	31	0	0	0	0	405	0	457	0
339789	0.1489545711206938	0.06514491352253511	17	22	23	1	0	6	493	3	605	3
70389	0.11984856222791879	-0.399136214302986	16	26	9	0	0	2	541	6	730	6
77557	0.03542964785640609	-0.1835150699896852	10	33	10	0	0	0	75	5	108	5
7885	0.6168687225972292	0.025863452319448976	19	28	14	0	0	1	730	8	885	8
20857	0.019713165199939316	0.0008114328006674949	20	26	13	2	0	3	83	2	122	3
297733	0.3108671768547097	0.2881836653854215	5	23	0	0	0	0	49	0	62	0
61941	0.23106667911178957	-0.011258130917992687	19	30	0	0	0	0	202	0	277	0
8953	0.554984425054352	0.27126550706514946	16	28	11	5	0	13	117	0	138	0
288865	0.04477535159615448	-0.04182290412681279	10	22	3	0	0	1	51	0	64	0
20505	0.171666848136717	0.1004398380069291	6	28	7	1	0	1	39	1	55	1
20593	0.06708956945373554	0.04867155215468745	17	27	6	1	0	3	268	3	300	3
346101	0.7376043787232547	0.07682074067896028	8	19	6	1	0	3	316	5	420	5
25393	0.5223641107899132	-0.11596701083830974	17	29	12	1	0	2	885	0	964	0
7929	0.13292495299562707	-0.4148537521182964	21	28	28	1	0	1	886	4	1037	4
120353	0.8117743003121987	0.13935084001889886	21	26	11	17	0	41	431	4	544	5
5281	0.07872266950234838	-0.5534493645258323	17	30	10	0	0	0	356	3	477	3
9285	0.33505772857381005	-0.1550783501796445	20	31	3	1	0	3	733	7	929	7
9277	0.7463679373709511	-0.053706407621336605	19	27	13	2	0	4	519	0	642	0
8285	0.26910056200757176	-0.1708509943210884	21	28	27	0	0	1	537	2	672	2
9637	0.11940819802752245	-0.13726211765505975	18	26	24	2	0	9	271	9	358	9
9293	0.015726232025411045	-0.19195420911808594	15	31	7	0	0	4	321	3	404	3
3577	0.347007206100138	0.0004915600722253943	20	28	26	3	0	11	244	2	326	2
68085	0.4368849139288558	0.031193761347281745	21	27	25	2	0	3	567	0	692	0
245813	0.030510653819372766	-0.0014651335478742498	10	22	3	0	0	1	26	0	48	0
8501	0.39739158407596537	-0.18270914517614872	19	25	17	0	0	1	471	3	608	3
355937	0.5204747898307744	0.01765521338191267	11	21	11	0	0	2	294	1	397	1
332605	0.28202047051703855	0.09721674691315563	15	21	12	2	0	4	247	3	303	3
4365	0.18841044183075983	-0.20119007071610584	11	29	15	0	0	1	399	0	445	0
3413	0.21635747785477072	0.168112543763864	17	28	18	0	0	1	547	3	630	3
8945	0.6374997619863462	0.046131167726639166	14	27	8	0	0	0	629	8	787	8
8625	0.43228717213776846	0.14695927586724705	16	27	15	0	0	6	401	5	508	5
70965	0.1762716454432003	0.12561432926829286	1	25	1	1	0	1	28	2	37	2
37725	0.3462409986188242	0.013827732328540232	18	28	14	2	0	3	354	1	436	1
280157	0.1762716454432003	-0.46703993055555554	1	26	1	0	0	0	0	0	2	0
8677	0.38019999798364384	-0.05882443173914126	15	28	11	1	0	9	178	2	274	2
7989	0.20244348717391683	0.11492895020104271	13	28	16	1	0	4	290	0	360	0
8049	0.1762716454432003	-0.0653827007321631	2	29	1	0	0	0	43	0	58	0
77541	0.1762716454432003	0.1380803963548529	3	35	1	0	0	0	32	0	35	0
3361	0.7544826380541818	0.01907924663314886	19	29	24	7	0	22	607	21	816	22
8005	0.6264185653339227	0.1608340956502604	5	34	6	1	0	1	160	0	195	0
8925	-0.0006117222952547884	-0.028139225581720263	7	28	0	0	0	0	14	0	20	0
91381	0.5213848017496794	0.3632842483559068	17	26	12	2	0	7	161	4	203	4
25537	0.19616275067715422	0.15489922374631104	15	28	13	0	0	1	386	4	458	4
7853	0.5861103415908971	0.035781119512997894	19	28	11	0	0	1	483	3	625	3
22889	0.09378523143813414	-0.06790338878055921	13	26	3	1	0	6	229	1	297	1
70085	0.3266845134001149	0.2704246742114902	9	27	2	0	0	0	301	0	322	0
8889	0.1820231795075936	-0.2880536434897308	14	31	19	0	0	1	376	1	443	1
3557	0.1762716454432003	-0.46547430860136463	2	32	0	0	0	0	43	1	54	1
38377	0.01368649625334826	-0.1692596694469876	19	29	19	5	0	7	164	1	222	1
25865	0.0499538692667235	0.01244396955980124	13	30	3	2	0	4	41	1	62	1
8897	0.5760144610877356	0.04433572568252486	14	29	15	0	0	0	488	1	546	1
252365	0.5458699509525717	0.04093016342386391	18	24	17	0	0	0	458	3	595	3
25785	0.6652710232158399	-0.01584180239008892	10	25	16	1	0	3	362	3	451	3
286825	0.5540010530545811	-0.005570129082844932	14	21	13	0	0	0	310	4	426	4
7957	0.1762716454432003	0.20249732905982906	3	33	0	0	0	0	55	1	66	1
25885	0.1762716454432003	-0.0025317706063906487	4	27	1	1	0	1	72	0	86	0
8745	0.1762716454432003	0.13443209876543208	3	36	0	0	0	0	40	0	42	0
13745	0.1762716454432003	-0.4290222222222222	1	25	1	0	0	0	4	0	8	0
15301	0.1762716454432003	-0.4275925925925926	1	32	0	0	0	0	2	0	3	0
261	0.1762716454432003	-0.21448962929128193	3	28	1	1	0	1	44	0	58	0
7873	0.6386535506602482	-0.20095820815335774	12	26	12	1	0	3	442	0	497	0
11669	0.9815379645727397	-0.2216844516150972	13	26	18	6	0	13	114	2	147	2
8981	0.23264015530289112	-0.21947554247348372	5	23	7	2	0	2	109	1	130	1
7961	0.40387947375459937	0.12480748182037293	6	32	3	0	0	0	119	2	165	2
8761	0.1762716454432003	0.1864895908937018	3	31	0	0	0	0	73	0	86	0
337225	0.1762716454432003	0.15252977707623627	4	22	1	0	0	1	23	0	37	0
189821	0.5715587757502387	-0.04305757764566098	8	27	14	0	0	0	231	2	283	2
20441	0.1748141222949002	0.11949026147214294	9	26	9	0	0	1	138	1	160	1
279717	0.47690155267664364	0.10912880006996906	7	20	6	0	0	0	275	2	318	2
61961	0.1762716454432003	0.1202003600823045	3	30	0	0	0	0	24	0	29	0
447205	0.1762716454432003	-0.4640298032407407	1	18	1	0	0	0	7	0	8	0
7882	0.5476098898931087	-0.01719569748092853	23	36	0	0	0	0	397	0	450	0
265366	0.564181657469717	0.08766144667553877	23	21	42	0	0	4	855	2	1057	2
26150	0.5553980825657238	-0.02009236642261325	23	27	16	7	0	20	571	6	724	6
26010	0.0538242928865651	-0.13033248501805492	15	31	7	4	0	6	83	1	111	1
7870	0.1274296061555756	-0.7817055464279832	16	27	22	3	0	15	678	5	797	5
217078	0.5220317061239187	0.0776855992212166	5	23	4	0	0	0	116	0	140	0
283142	0.022014885245255494	-0.056653366106326486	22	22	4	3	0	8	277	7	364	7
8086	0.36015189685360893	-0.01949508613331674	22	28	28	0	0	1	975	1	1115	1
15526	0.43523948474035906	0.10378627330534407	22	27	19	4	0	6	533	4	689	4
70086	0.7103985591177484	0.017168356422423425	21	30	16	4	0	8	1749	2	1862	2
340386	0.11012440523121356	-0.17671876614350138	18	21	17	8	0	23	286	4	352	4
3278	0.0789000119281922	-0.49689502502626404	19	37	16	0	0	0	640	4	783	4
61390	0.45284065006792035	0.031463501479164546	22	26	0	0	0	0	321	0	384	0
64966	0.5380462713809993	0.025660618119674017	12	31	5	0	0	0	332	4	435	4
466	0.3936532138853006	-0.04959993161051007	22	26	22	0	0	4	727	1	887	1
71654	0.3680018078624257	-0.10881608560295003	22	24	0	0	0	0	452	0	483	0
25950	0.7371832852742498	0.41288575776774233	21	26	16	2	0	10	520	4	644	4
8242	0.6681998020946895	0.008151949508956147	21	26	24	0	0	5	702	1	831	1
11066	0.5736707926785266	0.31508816221425234	20	23	25	14	0	20	611	12	710	13
77502	0.1762716454432003	-0.265097106092437	4	31	0	0	0	0	43	0	52	0
3350	0.43093722875789736	0.012097416466010147	20	31	15	1	0	8	1020	11	1221	12
11294	0.5042189384144765	0.03518649810067759	15	29	20	2	0	7	201	0	290	0
8186	0.10470894185099877	-0.46454653480799013	17	31	13	1	0	6	451	0	543	0
214654	0.21882758523206125	0.09734373562659064	15	23	14	4	0	10	120	3	161	3
454	0.15975327511618273	-0.0580685646448246	12	27	12	0	0	0	185	0	262	0
11078	0.3712744419688064	0.13489589491108717	18	26	17	0	0	2	503	7	686	7
8422	0.437258846076455	-0.09105585157833102	16	25	24	4	0	14	193	7	293	7
8142	0.001228266690706486	-0.012589733579741481	10	32	16	0	0	2	199	0	228	0
56038	0.47986302328610103	0.0538650369502327	22	29	0	0	0	0	429	1	531	1
16122	0.1127105198476979	-0.47069835239365043	17	26	18	1	0	5	225	5	315	5
8554	0.4878877510142238	-0.08310379853667865	13	29	11	1	0	2	344	0	405	0
25854	0.4986078383173585	-0.03197802088187246	19	23	8	1	0	8	493	0	600	0
8094	0.2872763483480558	-0.008924632632368035	19	25	0	0	0	0	243	0	334	0
58978	0.49656352124241604	0.13193802529412874	14	32	9	0	0	1	297	0	374	0
77546	0.38654442459154786	-0.021952892090765508	18	33	19	1	0	3	472	1	554	1
20450	0.1762716454432003	-0.14747697368421053	1	27	1	0	0	0	21	0	24	0
25706	0.2922987679133321	0.09615405087099624	20	28	27	1	0	4	821	0	936	0
15054	0.19829599490696076	-0.09561018943403737	21	30	28	4	0	9	214	4	339	4
15198	0.45615654744756773	0.38735278147601016	21	29	17	4	0	18	361	3	469	3
92922	0.187942216055431	-0.040050028505230484	5	30	1	0	0	2	44	0	56	0
38	0.0013819444444444443	0.0013819444444444443	5	28	5	0	0	0	143	1	171	1
256998	0.5755842340457267	0.0821179274384819	8	24	10	1	0	1	295	2	338	2
105338	0.3330960222423288	0.21685977897879305	15	29	13	1	0	5	429	4	523	4
7918	0.4176039048361733	-0.015565239296220335	17	26	7	0	0	0	733	0	775	0
7938	0.446643980765692	-0.20920490450604212	18	32	22	2	0	2	771	3	913	3
7906	0.6420710645845573	0.03970221151539233	17	30	6	3	0	7	586	9	686	9
70122	0.6970719316054315	-0.10026133447774332	22	29	24	0	0	1	1264	1	1442	1
397178	0.045447901888058057	-0.2421640729722331	22	20	17	4	0	12	298	7	399	7
265318	0.26989146811376774	0.06900692567484518	7	22	2	0	0	1	120	1	152	1
7910	0.2685662807080738	-0.04457584127555886	22	27	0	0	0	0	285	0	355	0
8582	0.4770630848184422	-0.046926942283826434	20	28	10	0	0	1	559	2	740	2
26610	0.09401249305753219	0.04505746327945486	13	28	4	2	0	2	32	0	42	0
7934	0.7011983338977275	0.3116809789069273	18	25	20	7	0	14	353	2	402	2
54	0.7994756572016131	-0.20193100883146586	22	26	10	5	0	21	1005	12	1232	12
7974	0.3650458090560857	-0.09615255739995054	16	32	0	0	0	0	224	0	283	0
134294	0.0	-0.35192312292055467	18	23	26	1	0	7	357	3	448	3
37726	0.11074316135839148	0.07751239454656722	9	23	5	0	0	0	158	3	207	3
7978	0.1762716454432003	-0.31686128203474373	4	26	0	0	0	0	38	1	56	1
240070	0.021011986849033323	-0.29684761862196635	16	22	8	0	0	0	566	1	627	1
246866	0.6504697644742267	-0.006718792507493632	22	24	6	1	0	1	857	0	985	0
262	0.2870399196186272	-0.043984894885897075	17	28	24	1	0	2	434	1	521	1
77550	0.1762716454432003	-0.21772070719458703	4	35	7	0	0	0	89	0	96	0
18550	0.680882817197837	0.026670977892433334	17	24	22	1	0	6	807	2	920	2
14870	-0.01272073256095799	-0.4706671047554457	16	26	13	1	0	2	914	0	1001	0
8514	0.28638748363393135	-0.011195818525937762	19	30	3	0	0	0	371	0	430	0
8266	0.5156295196614439	-0.07068861302702067	22	37	1	0	0	0	294	0	355	0
8958	0.4818953928940588	-0.37597195126391736	20	28	29	3	0	17	238	3	330	3
8726	0.5069373430643971	0.05562811817983132	23	31	2	0	0	0	295	0	366	0
9414	0.39973152018423486	-0.044909780276352285	15	27	5	1	0	3	174	6	259	6
8530	0.49548848034780857	0.4650508791481329	19	29	18	1	0	5	162	2	224	2
8358	0.4616639458827943	0.063073279732417	21	35	2	0	0	0	228	0	300	0
134102	0.404981635585628	0.2325799794778266	23	23	16	1	0	3	754	0	873	0
8370	0.4033535974313196	-0.14691581281364607	11	33	7	0	0	2	217	7	310	7
8686	0.062433308528627475	-0.12319762398860146	16	29	20	2	0	8	106	3	165	3
447254	0.1762716454432003	-0.4097222222222222	1	17	0	0	0	0	4	0	4	0
25798	0.21003261394984912	0.13240710206036455	10	29	8	1	0	3	212	1	235	2
8314	0.038292198156113566	-0.48803099252490184	19	37	17	1	0	3	537	4	663	4
15474	0.1762716454432003	-0.5	1	27	0	0	0	0	1	0	2	0
293686	0.2517642316914127	0.2425634211260586	16	23	6	0	0	5	138	2	207	2
119630	0.4463917041046324	0.4133605788997955	12	30	4	1	0	3	79	0	103	0
74	0.3256867292337805	0.32115985885059606	14	32	7	1	0	1	862	0	926	0
297258	0.1762716454432003	-0.4316468253968254	1	22	0	0	0	0	2	0	6	0
77558	0.5748943674811634	-0.004179319495944411	20	28	11	3	0	10	396	6	506	6
14886	0.1762716454432003	0.14328961352657005	2	25	1	0	0	0	22	0	23	0
3326	0.058609571783369716	-0.006998110779539546	9	25	4	1	0	5	82	3	109	3
134	0.2933657481659743	-0.11472795995794371	8	26	2	0	0	0	171	2	196	2
135114	0.4156715608438954	0.03555425514471394	10	22	14	0	0	2	431	2	474	2
7958	0.3326189047624676	0.03702204913025425	7	28	4	0	0	1	122	1	156	1
8498	0.2621673116200996	0.22252141899501837	11	29	6	1	0	2	160	0	207	1
41174	0.7398008360868427	0.3170841746181702	16	25	10	1	0	9	655	3	743	3
128214	0.004750341868852303	-0.03027017026228591	6	23	2	1	0	2	37	0	48	0
9206	0.14581610453401186	-0.3508901620072066	15	26	15	4	0	14	153	3	209	3
257762	0.39937642303322485	-0.2571741182927749	16	22	16	0	0	0	809	0	888	0
9622	0.1762716454432003	0.23368276495124346	3	33	1	0	0	0	53	0	71	0
8374	0.1762716454432003	-0.1472120609669263	4	31	0	1	0	2	80	0	90	0
7914	0.7000811845376133	0.15900392827549292	19	30	20	1	0	3	568	1	659	1
12242	0.30993280092953035	-0.06911508171967085	19	26	3	0	0	0	247	1	335	1
3662	0.1762716454432003	-0.25	1	34	0	0	0	0	12	0	12	0
65254	0.6309256905435937	0.051037470460558176	16	25	19	0	0	0	385	0	470	0
258162	0.42605852890044416	0.17674804115967152	12	20	8	0	0	0	307	1	373	1
8126	0.48862363331540415	-0.0991984221976876	7	34	4	0	0	0	255	0	303	0
7970	0.44476484741584554	0.4321075983697907	12	29	25	2	0	6	116	2	165	3
370	0.6269566340957659	0.05978111350564663	12	26	7	0	0	0	520	0	584	0
3802	0.790703689542238	0.07992054536371485	14	26	5	7	0	14	530	10	663	10
282550	0.19312782230240846	-0.09383974322875518	9	23	3	0	0	0	144	4	203	4
25430	0.11841611101875137	-0.4091798883162584	10	28	2	1	0	1	329	0	381	0
7922	0.494688514468292	-0.0637896083284546	14	28	10	1	0	1	424	0	473	0
302518	0.523811939084926	0.053791409121699385	15	21	11	0	0	0	430	2	523	2
8362	0.44195924811766485	0.20824702820076102	5	38	1	0	0	0	61	0	82	0
61962	0.5783386354384152	-0.03159209872999469	10	29	7	0	0	1	284	1	311	1
406682	0.019978692552965808	-0.006945367404656504	7	19	5	0	0	0	38	0	47	0
8826	0.42272586371520277	0.07716107154545843	6	27	0	0	0	0	92	0	108	0
3582	0.26304891821100085	-0.03821031549981885	8	31	2	0	0	0	86	0	115	0
423162	0.1762716454432003	-0.4375	1	17	0	0	0	0	18	0	18	0
397174	0.1762716454432003	-0.4206316858747045	2	21	2	0	0	0	44	0	50	0
9194	0.1762716454432003	0.07506994777760428	3	29	4	0	0	0	35	1	49	1
448038	0.1762716454432003	-0.4147292534722222	1	20	1	0	0	0	4	0	5	0
120339	0.19463576462293244	0.17140830624326497	5	25	1	0	0	0	205	0	218	0
14763	0.21976416930283812	0.009997216951984494	20	32	17	6	0	13	190	3	244	3
149019	0.3518733089939282	-0.2312053631005152	19	31	12	0	0	1	503	0	650	0
3319	0.7526663804326014	-0.11675569340727443	18	29	13	4	0	8	1066	17	1216	19
7879	0.026251141136598422	0.02206980271366638	6	29	1	0	0	0	14	0	21	0
105339	0.36843515714329217	-0.20489115550562736	22	33	30	2	0	13	1663	6	1806	6
8307	0.045078814156763174	-0.44257450840845236	9	32	10	0	0	0	589	0	620	0
70083	0.09665222917347886	-0.409756520879834	12	26	7	1	0	4	563	0	628	0
62091	0.1762716454432003	0.015625	4	28	1	0	0	0	34	0	41	0
255935	0.0032969303621333485	-0.04342680222986803	13	21	3	0	0	1	86	2	116	2
9623	0.19295527956635758	-0.43387862738832506	15	26	20	1	0	4	325	3	467	4
135103	0.3633609797266935	-0.16912946794824518	17	22	5	0	0	0	718	0	765	0
8643	0.5607739355125504	0.007112272631501937	13	28	10	0	0	0	287	1	382	1
9127	0.06841995635589242	0.05088705946363498	16	28	11	3	0	4	55	0	79	0
7887	0.18465065309315506	-0.4929892728695088	17	32	12	0	0	1	647	0	724	0
15215	0.6385187287527725	0.060011876993105506	21	28	21	0	0	0	677	0	776	0
9419	0.5384563729933363	0.09835150212883609	21	26	15	1	0	14	367	5	460	5
55979	0.44274741045893723	-0.09812360405159265	22	28	29	0	0	2	741	1	890	1
240559	0.13887678006299276	0.13182821242163903	6	21	0	0	0	0	77	0	95	0
15823	0.17788468788168463	0.15329604306066508	17	29	16	0	0	0	286	1	347	1
38031	0.5145719626546543	0.1232506804051875	16	27	30	1	0	12	156	2	213	2
235555	0.3553312012575303	-0.19032204642056344	16	22	9	1	0	5	387	4	463	4
8471	0.8760873490591311	0.23122230918459585	22	26	5	1	0	10	460	7	612	7
107	0.3628458523196853	-0.03025827617926835	19	29	30	0	0	0	486	5	646	5
7919	0.35322806627064307	-0.053753964721058034	16	25	10	0	0	0	494	0	593	0
8143	0.5532224890090549	0.18147756220899686	17	28	23	0	0	0	565	0	661	0
5911	0.06939504952864457	0.06640414452501613	8	22	1	0	0	1	60	0	80	0
293687	0.034343307041639536	-0.1525228337911511	22	21	32	3	0	13	189	2	270	2
8731	0.2685687378289637	-0.273380412458957	15	30	12	1	0	6	247	1	317	1
10131	0.4037866995849806	-0.11046069356390009	22	24	1	0	0	0	359	0	478	0
8239	0.1609966715293455	-0.4331478053329577	13	33	8	2	0	1	314	5	405	5
8747	0.3489314823828812	0.0031921328224148726	17	37	16	3	0	3	157	1	223	1
14703	0.6911731898086916	-0.03517689309390237	17	29	9	7	0	15	223	8	323	8
26499	0.4494480889148742	-0.15096757553276108	18	24	21	0	0	3	385	4	503	4
3523	0.5720448249740684	-0.0756987597940193	12	27	10	0	0	2	415	0	492	0
230883	0.3150419932462012	0.2739091787296275	20	24	21	2	0	6	233	4	305	4
70215	0.3129315443780862	-0.010370242367099325	18	26	7	2	0	9	266	5	350	5
7967	0.29036615267707805	0.21380477342822188	16	26	14	0	0	6	458	4	577	4
9227	0.6290287961935054	0.33268905303346247	21	28	21	0	0	7	496	10	667	10
14911	0.5615152018614248	-0.15016015730724652	21	26	11	7	0	15	468	6	564	6
61967	0.1762716454432003	0.01030550207097039	4	27	2	0	0	1	92	0	101	0
383	0.22113553606940448	-0.01755629376615167	20	29	26	2	0	6	471	10	632	10
7847	0.39593036731334774	0.12023882517803336	22	33	1	0	0	0	318	0	385	0
7899	0.5515404082635822	0.08831363855517177	19	26	31	1	0	3	913	5	1049	5
343951	0.15418617899516954	0.015496741566814604	20	20	11	4	0	11	141	3	184	3
703	0.512393465015043	-0.10173493884383822	17	29	12	2	0	4	691	2	792	2
25571	0.5013885357345402	-0.14269974661696494	22	26	39	3	0	12	395	2	469	3
215983	0.5415008089371317	0.19405235385492897	19	24	24	2	0	6	345	7	452	7
61979	0.1762716454432003	0.14701388888888886	2	26	0	0	0	0	15	0	15	0
3351	0.01828150540276097	-0.5301636566800682	15	27	7	0	0	1	533	8	629	8
92899	0.4162138023015095	0.08759058377685314	15	34	17	0	0	1	365	2	502	2
25747	0.3634732348997274	-0.0022651408111296067	14	26	14	5	0	12	331	6	405	6
377071	0.4584394038378958	-0.2627279513523951	22	21	25	5	0	15	361	3	519	4
10663	0.5597586864459825	0.5307540455964921	21	27	11	3	0	9	146	1	192	1
8319	0.012471271219967495	-0.2987359336785698	18	32	13	0	0	3	655	6	764	6
257899	0.5283653332503092	0.00279631882825937	17	21	13	0	0	0	779	5	908	5
119951	0.39161760427098496	-0.10594406620188684	22	27	14	1	0	3	511	1	622	1
9279	0.5628963615752113	-0.03646076727828551	19	33	21	0	0	0	738	7	907	8
8351	0.5323546219206917	-0.00943195951554654	17	31	7	2	0	5	807	1	920	1
9283	0.23593648602035286	0.18223209266671964	13	28	12	1	0	1	493	1	554	1
134351	-0.002473601630999801	-0.15605522854429735	17	25	8	0	0	3	99	0	121	0
9739	0.9512944372199701	-0.11532060474843231	21	22	8	1	0	12	365	5	462	5
434159	0.26252537311416313	-0.23269921491710327	6	20	10	1	0	1	97	1	125	1
8627	0.19715209732441194	-0.12885818986237743	6	33	11	0	0	0	125	0	152	0
9123	0.2806905243144408	0.014097462128204341	21	28	27	3	0	9	110	2	165	3
3327	0.24954540226727917	0.05460963120950585	19	28	22	3	0	15	269	4	357	4
7907	0.1937196011225552	-0.021853547319893918	9	28	1	2	0	8	95	2	115	2
286831	0.1892095642797861	0.1011778184654749	14	20	12	0	0	6	96	1	118	2
8623	0.5272882025526098	0.3651221533508088	17	30	17	3	0	6	392	0	463	0
179	0.16281380749604618	-0.09917189665085135	13	27	2	1	0	5	129	4	158	4
28291	0.35704580015186627	-0.008150737749548997	21	23	36	2	0	6	681	0	777	0
365707	0.1762716454432003	-0.4951388888888889	1	22	0	0	0	0	1	0	1	0
86239	0.1762716454432003	-0.478125	1	27	0	0	0	0	0	0	0	0
239411	0.1762716454432003	-0.2958631418350169	2	24	1	0	0	0	52	0	66	0
7855	0.4865277597833421	-0.13301267986413828	18	32	7	0	0	0	1092	4	1207	4
15175	0.1762716454432003	0.020564158740941973	3	25	0	0	0	0	58	0	64	0
9403	0.1762716454432003	-0.2761111111111111	1	29	0	0	0	0	3	0	5	0
8903	0.43874829715275526	0.19703725495703098	13	29	11	2	0	2	89	0	115	0
346071	0.047022153833306615	0.030120546089198872	8	21	2	0	0	0	49	0	64	0
531655	0.1762716454432003	-0.3912957702020202	1	19	1	0	0	0	7	0	11	0
25707	0.37855287249084757	-0.2757093577857881	19	27	7	6	0	21	573	11	686	11
21095	0.1762716454432003	0.003472222222222222	4	28	2	0	0	0	55	0	64	0
471	0.01778262648646452	-0.3723919270262583	11	29	7	2	0	7	107	1	145	1
442211	0.1762716454432003	-0.03699061618327884	4	21	3	0	0	0	59	0	73	0
7939	0.5541877131445728	0.021568523499541303	17	32	16	2	0	2	574	3	752	4
8959	0.04637828604520219	-0.2992960046328306	10	28	6	1	0	6	201	4	256	4
3343	0.2317000248296384	0.22869322057874333	6	32	1	0	0	0	70	0	78	0
26495	0.6139786757409066	-0.016337849479867828	10	30	5	0	0	0	289	0	383	0
20855	0.436267381893345	-0.02998775963476996	8	29	2	0	0	0	116	2	141	2
8583	0.1762716454432003	0.06145833333333339	1	36	0	0	0	0	31	0	36	0
8391	0.414404728681661	-0.024937611664359927	11	39	0	0	0	0	114	0	156	0
212651	0.1762716454432003	-0.38352864583333335	1	21	3	0	0	0	7	0	8	0
71703	0.5591841441648461	0.05924242878369834	9	23	7	0	0	0	339	1	367	1
8495	0.07837988809197119	-0.35166642014775595	10	28	7	1	0	1	243	1	278	1
447379	0.0037975766411106806	-0.04631765439218386	5	19	1	0	0	0	50	0	61	0
8935	0.1762716454432003	0.07870774147727272	3	35	0	0	0	0	42	0	51	0
25415	0.1762716454432003	0.03137982337842249	2	29	1	0	0	0	80	1	102	1
8955	0.1762716454432003	-0.03335763888888889	2	25	1	0	0	0	4	0	6	0
4255	0.1762716454432003	0.016190915780749885	4	31	0	0	0	1	11	0	12	0
8135	0.30304824623395654	-0.0525637071432844	4	22	4	0	0	1	176	0	229	0
13451	0.1762716454432003	0.217846768465909	1	25	1	0	0	1	25	0	33	0
9179	0.1762716454432003	-0.02531635802469136	3	28	2	0	0	1	5	0	6	0
415747	0.1762716454432003	-0.13888888888888884	1	21	0	0	0	0	6	0	6	0
281135	0.1762716454432003	-0.03508521486229815	2	22	1	0	0	0	61	0	81	0
171283	0.30304824623395654	-0.10226497959750358	4	23	3	0	0	0	202	0	239	0
49859	0.1762716454432003	0.17546233597939703	3	27	3	0	0	0	66	0	78	0
70403	0.1762716454432003	-0.4777777777777778	1	29	0	0	0	0	5	0	5	0
